* KOAN 2951 3-way demo — near-field, port mouth
* Source file = poort near.pir
* Impulse length = 65536
* Sample rate = 48000
* Scale type = Pa
* Left window = 5,813 ms, Rectangular
* Reference time = 6,313 ms
* Right window = 1000 ms, Tukey 0.50
* FFT length = 65536
* Smoothing = None
* Calibration = MM1CDU_allein_00d.txt
* Scale = 0.0 dB
* source: poort near.txt (ARTA export, 31396 pts, 5.13–23000 Hz), resampled to a 250-pt log grid 10.0–2000 Hz (dB + unwrapped phase in log-f, then re-wrapped)
Freq[Hz]     dBSPL  Phase[Deg]
10.000  140.899  115.182
10.215  141.583  109.003
10.435  141.557  105.179
10.659  141.376  101.866
10.888  141.195  98.553
11.123  141.425  95.925
11.362  141.952  93.794
11.606  142.480  91.664
11.856  142.909  88.154
12.111  143.257  83.498
12.371  143.606  78.841
12.637  143.911  74.614
12.909  144.198  70.573
13.187  144.485  66.533
13.470  144.782  62.548
13.760  145.079  58.563
14.056  145.400  54.220
14.358  145.748  49.474
14.667  146.086  44.732
14.982  146.256  40.045
15.305  146.426  35.357
15.634  146.628  30.909
15.970  146.840  26.533
16.313  147.042  22.300
16.664  147.237  18.169
17.023  147.473  13.754
17.389  147.752  9.045
17.763  147.961  4.214
18.145  148.098  -0.743
18.535  148.221  -5.461
18.934  148.334  -9.999
19.341  148.471  -14.393
19.757  148.617  -18.733
20.182  148.696  -23.482
20.616  148.790  -28.014
21.059  148.942  -31.830
21.512  149.061  -36.524
21.975  149.157  -41.803
22.447  149.150  -45.704
22.930  149.206  -49.613
23.423  149.336  -53.530
23.927  149.445  -58.700
24.441  149.403  -63.163
24.967  149.260  -66.897
25.504  149.379  -70.223
26.052  149.421  -73.702
26.613  149.503  -77.208
27.185  149.660  -80.795
27.770  149.759  -85.006
28.367  149.840  -88.831
28.977  149.887  -92.925
29.600  149.911  -96.499
30.237  150.015  -99.636
30.887  150.250  -103.641
31.551  150.275  -108.704
32.230  150.244  -112.229
32.923  150.195  -115.719
33.631  150.386  -118.113
34.354  150.637  -122.424
35.093  150.663  -127.403
35.848  150.652  -130.100
36.619  150.940  -134.528
37.407  150.872  -138.767
38.211  151.065  -142.132
39.033  151.185  -146.913
39.872  151.247  -151.145
40.730  151.350  -155.550
41.606  151.385  -160.190
42.500  151.494  -164.244
43.415  151.466  -169.785
44.348  151.524  -173.209
45.302  151.629  -178.721
46.276  151.610  176.479
47.271  151.674  171.259
48.288  151.554  165.312
49.327  151.506  160.661
50.387  151.336  154.881
51.471  151.197  149.944
52.578  151.007  144.371
53.709  150.720  139.629
54.864  150.550  134.987
56.044  150.247  129.937
57.249  150.084  125.282
58.480  149.836  119.248
59.738  149.359  114.233
61.023  148.948  109.179
62.335  148.583  103.154
63.676  147.586  100.713
65.045  147.226  98.583
66.444  146.878  95.489
67.873  146.725  92.329
69.333  146.345  88.898
70.824  146.092  85.508
72.347  145.559  80.837
73.903  145.469  77.332
75.492  145.375  72.333
77.116  144.934  65.852
78.774  143.656  55.609
80.469  141.487  55.813
82.199  141.123  60.346
83.967  140.927  61.935
85.773  140.646  57.004
87.617  140.216  57.703
89.502  139.913  55.701
91.427  139.267  50.163
93.393  137.432  46.673
95.401  136.215  58.038
97.453  136.597  64.184
99.549  137.907  62.892
101.690  137.603  56.618
103.877  136.994  51.728
106.111  136.489  52.455
108.393  135.188  50.176
110.724  134.311  55.352
113.105  132.836  62.343
115.538  134.390  87.336
118.023  137.600  71.597
120.561  134.725  67.088
123.154  135.124  103.567
125.802  142.441  95.983
128.508  143.469  59.933
131.272  141.951  46.097
134.095  141.004  36.720
136.979  140.089  34.434
139.925  139.544  30.515
142.934  139.508  24.771
146.008  137.968  19.909
149.148  137.492  24.407
152.356  137.571  24.890
155.632  137.746  23.303
158.979  138.026  21.002
162.399  138.032  16.749
165.891  137.937  13.653
169.459  137.650  13.107
173.103  137.821  13.016
176.826  138.334  12.542
180.629  138.788  7.866
184.514  138.922  5.499
188.482  139.400  2.631
192.535  140.483  -2.398
196.676  140.678  -7.286
200.906  141.032  -27.112
205.227  139.276  -21.218
209.640  140.483  -23.972
214.149  141.222  -31.182
218.755  140.838  -36.552
223.459  141.779  -38.810
228.265  142.974  -53.505
233.174  141.566  -71.282
238.189  137.056  -72.305
243.312  141.510  -33.802
248.544  146.354  -57.670
253.890  146.169  -83.779
259.350  145.907  -100.772
264.927  146.361  -126.338
270.625  145.347  -125.753
276.445  144.565  -142.207
282.391  143.566  -156.993
288.464  142.197  -168.867
294.668  141.133  -174.740
301.005  139.971  177.334
307.478  139.088  174.737
314.091  138.372  171.510
320.846  138.674  169.259
327.746  139.133  159.987
334.795  139.133  151.177
341.995  138.491  144.072
349.350  137.691  128.763
356.864  138.556  131.171
364.538  138.821  115.929
372.378  136.956  101.045
380.387  138.183  106.984
388.568  139.163  79.884
396.924  140.100  66.205
405.461  134.541  36.709
414.181  135.510  67.866
423.088  136.225  36.431
432.187  136.867  26.800
441.482  135.248  -9.687
450.977  131.809  -15.601
460.676  127.253  26.752
470.583  133.206  6.169
480.704  126.151  20.509
491.042  132.443  -8.064
501.602  134.052  -8.700
512.390  133.075  -31.690
523.410  133.843  -22.338
534.666  136.136  -47.189
546.165  136.186  -55.058
557.911  138.110  -78.632
569.910  137.900  -107.220
582.166  137.414  -121.529
594.687  136.089  -145.910
607.476  135.636  -148.503
620.541  136.870  -167.643
633.886  136.280  168.370
647.519  136.431  151.605
661.445  135.713  122.778
675.670  134.995  106.583
690.201  132.807  81.784
705.045  132.663  66.106
720.208  132.022  54.780
735.697  130.716  28.863
751.519  127.668  -2.882
767.682  120.619  13.109
784.192  125.452  -7.947
801.057  124.131  -11.217
818.285  124.104  -27.718
835.883  124.364  -50.866
853.860  120.415  -88.714
872.223  118.995  -104.632
890.982  115.983  -71.226
910.144  116.791  -96.118
929.717  119.423  -112.271
949.712  116.851  -134.076
970.137  119.033  -152.954
991.001  114.866  166.914
1012.314  113.317  -142.627
1034.085  121.358  144.133
1056.325  115.293  92.201
1079.042  110.870  69.449
1102.249  117.943  77.748
1125.954  114.599  63.918
1150.169  116.751  59.719
1174.905  115.409  32.122
1200.173  118.179  19.381
1225.985  120.315  -3.469
1252.351  119.307  -49.917
1279.285  122.807  -81.400
1306.798  122.262  -105.412
1334.902  119.102  -138.861
1363.611  117.007  -163.984
1392.937  119.247  -174.442
1422.894  112.243  158.757
1453.496  119.253  114.042
1484.755  114.692  116.844
1516.687  115.643  45.117
1549.305  114.097  17.866
1582.625  112.128  -39.676
1616.662  115.756  -70.717
1651.430  106.617  -77.707
1686.947  97.411  -103.126
1723.227  105.582  -123.126
1760.287  111.411  165.392
1798.144  109.930  95.837
1836.816  107.765  29.680
1876.319  104.126  -18.209
1916.672  101.411  43.283
1957.893  97.320  2.281
2000.000  104.788  -40.461
