* KOAN 2951 3-way demo — tweeter 30° horizontal, mic 1 m
* Source file = tweeter hor 30.pir
* Impulse length = 65536
* Sample rate = 48000
* Scale type = Pa
* Left window = 0 ms, Rectangular
* Reference time = 2,5 ms
* Right window = 5,021 ms, Tukey 0.25
* FFT length = 32768
* Smoothing = None
* Calibration = MM1CDU_allein_00d.txt
* Scale = 0.0 dB
* source: tweeter hor 30.txt (ARTA export, 13640 pts, 20.51–20000 Hz), resampled to a 500-pt log grid 20.5–20000 Hz (dB + unwrapped phase in log-f, then re-wrapped)
Freq[Hz]     dBSPL  Phase[Deg]
20.508  86.009  131.471
20.793  85.948  130.999
21.081  85.887  130.527
21.374  85.826  130.054
21.671  85.765  129.582
21.972  85.704  129.110
22.277  85.656  128.633
22.587  85.608  128.156
22.900  85.560  127.680
23.218  85.513  127.203
23.541  85.468  126.725
23.868  85.432  126.246
24.199  85.396  125.767
24.535  85.360  125.288
24.876  85.324  124.809
25.222  85.297  124.329
25.572  85.271  123.849
25.927  85.246  123.369
26.287  85.220  122.889
26.652  85.202  122.410
27.022  85.186  121.930
27.398  85.170  121.451
27.778  85.154  120.972
28.164  85.144  120.495
28.555  85.134  120.017
28.952  85.124  119.539
29.354  85.115  119.062
29.761  85.111  118.588
30.175  85.108  118.114
30.594  85.104  117.639
31.019  85.103  117.167
31.450  85.104  116.697
31.886  85.106  116.226
32.329  85.108  115.757
32.778  85.114  115.291
33.233  85.120  114.825
33.695  85.126  114.359
34.163  85.135  113.900
34.637  85.144  113.440
35.119  85.152  112.980
35.606  85.163  112.526
36.101  85.174  112.073
36.602  85.186  111.620
37.111  85.198  111.174
37.626  85.209  110.728
38.148  85.222  110.283
38.678  85.235  109.845
39.216  85.248  109.408
39.760  85.261  108.974
40.312  85.273  108.546
40.872  85.286  108.118
41.440  85.297  107.697
42.015  85.308  107.279
42.599  85.319  106.864
43.191  85.331  106.457
43.790  85.342  106.051
44.399  85.352  105.654
45.015  85.361  105.260
45.640  85.369  104.872
46.274  85.375  104.491
46.917  85.381  104.112
47.569  85.387  103.748
48.229  85.392  103.384
48.899  85.394  103.034
49.578  85.396  102.687
50.267  85.393  102.352
50.965  85.390  102.024
51.673  85.383  101.708
52.390  85.373  101.401
53.118  85.362  101.107
53.856  85.348  100.824
54.604  85.331  100.556
55.362  85.311  100.300
56.131  85.287  100.062
56.911  85.261  99.836
57.701  85.230  99.634
58.502  85.198  99.442
59.315  85.158  99.284
60.139  85.116  99.134
60.974  85.066  99.023
61.821  85.014  98.929
62.679  84.955  98.867
63.550  84.890  98.841
64.432  84.823  98.835
65.327  84.745  98.890
66.235  84.664  98.972
67.154  84.575  99.101
68.087  84.477  99.293
69.033  84.374  99.524
69.992  84.261  99.831
70.964  84.141  100.211
71.949  84.014  100.649
72.948  83.879  101.190
73.962  83.733  101.834
74.989  83.580  102.565
76.030  83.418  103.417
77.086  83.246  104.435
78.157  83.067  105.586
79.242  82.881  106.881
80.343  82.690  108.395
81.459  82.495  110.137
82.590  82.300  112.093
83.737  82.107  114.285
84.900  81.919  116.755
86.079  81.747  119.582
87.275  81.595  122.709
88.487  81.470  126.140
89.716  81.381  129.876
90.962  81.339  133.900
92.225  81.356  138.192
93.506  81.449  142.688
94.805  81.612  147.279
96.121  81.850  151.879
97.456  82.162  156.400
98.810  82.545  160.760
100.182  82.993  164.887
101.573  83.501  168.728
102.984  84.055  172.249
104.414  84.642  175.435
105.865  85.251  178.286
107.335  85.872  -179.187
108.826  86.501  -176.965
110.337  87.134  -175.027
111.869  87.767  -173.347
113.423  88.398  -171.903
114.998  89.024  -170.672
116.596  89.643  -169.632
118.215  90.255  -168.764
119.857  90.859  -168.052
121.521  91.456  -167.480
123.209  92.044  -167.042
124.920  92.621  -166.722
126.655  93.178  -166.504
128.414  93.716  -166.378
130.198  94.242  -166.338
132.006  94.760  -166.381
133.839  95.266  -166.499
135.698  95.763  -166.683
137.583  96.250  -166.927
139.494  96.730  -167.233
141.431  97.207  -167.592
143.395  97.687  -167.999
145.387  98.164  -168.457
147.406  98.633  -168.959
149.453  99.099  -169.501
151.529  99.562  -170.087
153.633  100.023  -170.708
155.767  100.477  -171.366
157.930  100.925  -172.058
160.124  101.367  -172.784
162.348  101.803  -173.541
164.603  102.232  -174.329
166.889  102.657  -175.145
169.206  103.081  -175.991
171.556  103.503  -176.863
173.939  103.920  -177.762
176.355  104.332  -178.688
178.804  104.737  -179.637
181.287  105.136  179.389
183.805  105.530  178.390
186.358  105.919  177.370
188.946  106.301  176.326
191.570  106.676  175.260
194.231  107.045  174.172
196.929  107.409  173.064
199.664  107.770  171.935
202.437  108.126  170.787
205.248  108.478  169.619
208.099  108.826  168.432
210.989  109.169  167.226
213.919  109.508  166.003
216.890  109.843  164.762
219.903  110.174  163.503
222.957  110.501  162.229
226.053  110.824  160.938
229.193  111.144  159.633
232.376  111.460  158.313
235.603  111.771  156.979
238.875  112.075  155.632
242.193  112.370  154.273
245.557  112.661  152.902
248.967  112.948  151.521
252.425  113.227  150.130
255.931  113.498  148.730
259.485  113.763  147.323
263.089  114.025  145.909
266.743  114.286  144.490
270.448  114.550  143.068
274.204  114.812  141.643
278.012  115.069  140.218
281.873  115.323  138.792
285.788  115.580  137.369
289.757  115.833  135.951
293.781  116.082  134.538
297.861  116.327  133.134
301.998  116.566  131.739
306.193  116.800  130.357
310.445  117.031  128.989
314.757  117.258  127.637
319.128  117.477  126.305
323.560  117.692  124.994
328.054  117.903  123.705
332.610  118.113  122.441
337.230  118.321  121.204
341.913  118.529  119.997
346.662  118.736  118.818
351.477  118.944  117.671
356.358  119.153  116.554
361.307  119.364  115.470
366.325  119.579  114.415
371.413  119.797  113.390
376.571  120.020  112.390
381.801  120.246  111.413
387.104  120.479  110.456
392.480  120.720  109.511
397.931  120.969  108.574
403.458  121.228  107.637
409.061  121.497  106.693
414.743  121.777  105.730
420.503  122.066  104.743
426.343  122.365  103.720
432.264  122.673  102.652
438.268  122.991  101.531
444.354  123.317  100.346
450.526  123.653  99.090
456.783  123.995  97.756
463.127  124.344  96.339
469.559  124.696  94.830
476.081  125.048  93.230
482.693  125.398  91.533
489.396  125.748  89.739
496.193  126.096  87.847
503.085  126.442  85.859
510.072  126.781  83.776
517.156  127.115  81.602
524.338  127.443  79.341
531.621  127.764  76.997
539.004  128.083  74.577
546.490  128.392  72.085
554.080  128.691  69.530
561.775  128.980  66.919
569.577  129.260  64.260
577.488  129.528  61.560
585.508  129.786  58.830
593.640  130.031  56.078
601.885  130.267  53.312
610.244  130.493  50.543
618.720  130.710  47.777
627.313  130.916  45.024
636.025  131.119  42.289
644.858  131.317  39.580
653.815  131.510  36.899
662.895  131.701  34.248
672.102  131.889  31.626
681.436  132.076  29.029
690.900  132.266  26.448
700.496  132.461  23.874
710.225  132.662  21.290
720.088  132.864  18.682
730.089  133.075  16.028
740.229  133.293  13.309
750.510  133.517  10.504
760.933  133.751  7.595
771.501  133.987  4.564
782.216  134.221  1.400
793.080  134.449  -1.906
804.095  134.667  -5.355
815.263  134.871  -8.948
826.585  135.057  -12.674
838.065  135.222  -16.519
849.705  135.359  -20.464
861.506  135.466  -24.484
873.471  135.541  -28.547
885.602  135.581  -32.617
897.902  135.589  -36.651
910.372  135.564  -40.597
923.016  135.503  -44.404
935.835  135.412  -48.012
948.832  135.295  -51.361
962.010  135.163  -54.396
975.371  135.027  -57.074
988.917  134.905  -59.374
1002.652  134.813  -61.312
1016.577  134.772  -62.953
1030.696  134.797  -64.413
1045.011  134.896  -65.846
1059.524  135.066  -67.424
1074.239  135.296  -69.302
1089.159  135.568  -71.591
1104.286  135.859  -74.347
1119.623  136.146  -77.568
1135.172  136.406  -81.206
1150.938  136.625  -85.181
1166.923  136.792  -89.386
1183.130  136.900  -93.699
1199.562  136.948  -97.989
1216.222  136.940  -102.123
1233.113  136.890  -105.974
1250.239  136.815  -109.438
1267.603  136.738  -112.458
1285.208  136.690  -115.049
1303.058  136.704  -117.321
1321.155  136.802  -119.479
1339.504  136.987  -121.780
1358.108  137.242  -124.467
1376.970  137.541  -127.713
1396.094  137.851  -131.587
1415.483  138.134  -136.059
1435.142  138.364  -141.023
1455.074  138.521  -146.328
1475.283  138.593  -151.791
1495.772  138.579  -157.222
1516.546  138.482  -162.427
1537.609  138.323  -167.230
1558.964  138.126  -171.493
1580.615  137.931  -175.154
1602.567  137.773  -178.251
1624.825  137.688  179.055
1647.391  137.693  176.518
1670.271  137.784  173.878
1693.468  137.942  170.939
1716.988  138.140  167.618
1740.834  138.351  163.925
1765.012  138.561  159.932
1789.525  138.764  155.722
1814.379  138.960  151.353
1839.578  139.157  146.835
1865.127  139.357  142.146
1891.030  139.560  137.243
1917.294  139.763  132.096
1943.922  139.949  126.705
1970.920  140.108  121.105
1998.293  140.234  115.365
2026.046  140.329  109.566
2054.185  140.393  103.785
2082.715  140.432  98.080
2111.640  140.460  92.484
2140.968  140.491  87.004
2170.702  140.533  81.622
2200.850  140.590  76.295
2231.417  140.670  70.961
2262.408  140.774  65.544
2293.829  140.898  59.968
2325.687  141.032  54.183
2357.987  141.164  48.178
2390.736  141.279  41.977
2423.939  141.374  35.612
2457.604  141.458  29.092
2491.736  141.531  22.383
2526.343  141.578  15.437
2561.430  141.573  8.262
2597.004  141.501  0.982
2633.073  141.350  -6.131
2669.642  141.139  -12.726
2706.719  140.928  -18.544
2744.311  140.808  -23.670
2782.425  140.843  -28.646
2821.069  141.022  -34.212
2860.249  141.257  -40.806
2899.974  141.443  -48.332
2940.250  141.520  -56.313
2981.086  141.495  -64.196
3022.488  141.424  -71.649
3064.466  141.380  -78.731
3107.027  141.396  -85.809
3150.179  141.448  -93.240
3193.930  141.478  -101.069
3238.288  141.457  -109.027
3283.263  141.414  -116.798
3328.863  141.410  -124.367
3375.096  141.482  -132.182
3421.970  141.590  -140.858
3469.496  141.618  -150.572
3517.682  141.449  -160.743
3566.537  141.061  -170.220
3616.071  140.600  -178.005
3666.293  140.325  175.607
3717.212  140.320  168.870
3768.838  140.386  160.654
3821.182  140.319  151.830
3874.252  140.187  143.929
3928.059  140.267  136.708
3982.614  140.594  127.868
4037.927  140.798  116.424
4094.007  140.546  104.399
4150.867  139.953  95.150
4208.516  139.656  89.675
4266.966  140.051  83.516
4326.227  140.588  73.095
4386.312  140.715  60.406
4447.231  140.480  48.817
4508.996  140.313  39.000
4571.619  140.366  28.399
4635.112  140.263  15.861
4699.486  139.734  3.863
4764.755  139.102  -4.594
4830.930  139.009  -10.863
4898.024  139.395  -19.559
4966.050  139.693  -31.122
5035.021  139.770  -43.234
5104.950  139.806  -55.486
5175.850  139.729  -68.646
5247.734  139.370  -81.262
5320.617  139.046  -91.283
5394.513  139.213  -101.151
5469.434  139.512  -114.236
5545.396  139.497  -128.716
5622.413  139.377  -142.589
5700.500  139.262  -157.584
5779.671  138.709  -173.385
5859.942  137.796  174.717
5941.327  137.511  166.318
6023.843  137.719  154.450
6107.505  137.589  140.800
6192.329  137.478  128.697
6278.331  137.578  115.017
6365.527  137.371  100.270
6453.935  137.119  87.589
6543.570  137.178  74.557
6634.450  137.212  60.057
6726.592  137.221  45.151
6820.014  137.152  28.818
6914.734  136.742  12.357
7010.769  136.197  -1.771
7108.137  135.957  -14.387
7206.859  135.962  -28.086
7306.951  136.031  -42.378
7408.433  136.291  -58.513
7511.325  136.153  -77.120
7615.646  135.719  -92.299
7721.415  135.899  -107.116
7828.654  135.939  -124.906
7937.382  135.923  -141.882
8047.620  135.871  -160.649
8159.389  135.528  -177.444
8272.710  135.635  166.140
8387.605  135.589  148.298
8504.096  135.871  131.029
8622.205  135.957  109.196
8741.954  135.487  90.352
8863.366  135.550  72.153
8986.465  135.363  51.823
9111.273  135.160  33.628
9237.815  135.212  14.207
9366.114  135.123  -5.064
9496.195  135.439  -25.603
9628.082  135.329  -47.907
9761.801  135.548  -69.786
9897.378  135.115  -94.809
10034.837  134.740  -115.075
10174.206  134.391  -136.644
10315.510  134.472  -156.168
10458.776  134.406  -179.251
10604.033  134.568  159.676
10751.306  134.621  135.066
10900.625  134.723  111.186
11052.018  134.506  85.487
11205.514  134.336  60.399
11361.141  133.832  35.833
11518.930  133.529  12.206
11678.910  133.291  -11.663
11841.112  132.963  -35.547
12005.567  132.732  -58.714
12172.306  132.923  -81.565
12341.360  133.078  -107.612
12512.763  133.289  -134.526
12686.546  133.301  -161.672
12862.743  133.411  168.644
13041.386  133.058  139.899
13222.511  132.810  112.964
13406.151  132.780  84.899
13592.342  132.541  55.316
13781.119  132.345  28.825
13972.518  132.330  -0.105
14166.574  132.382  -30.330
14363.326  132.323  -59.861
14562.811  132.229  -92.182
14765.066  131.884  -125.124
14970.130  131.491  -156.426
15178.042  131.046  172.666
15388.841  130.780  143.300
15602.569  130.719  112.477
15819.264  130.752  79.421
16038.970  130.908  45.884
16261.726  130.712  11.863
16487.577  130.350  -22.204
16716.564  129.969  -58.207
16948.731  129.502  -93.629
17184.123  129.497  -127.557
17422.784  129.391  -162.455
17664.760  129.325  162.125
17910.096  129.344  123.628
18158.840  129.175  86.380
18411.038  129.132  47.969
18666.739  128.627  9.796
18925.991  128.407  -27.334
19188.844  128.117  -65.065
19455.348  128.275  -103.362
19725.552  128.304  -144.821
19999.510  128.325  175.049
