Freq[Hz]     dBSPL  Phase[Deg]
5.00000     84.309   174.303
5.07273     84.309   174.220
5.14651     84.308   174.137
5.22137     84.307   174.054
5.29732     84.307   173.971
5.37437     84.306   173.888
5.45254     84.305   173.804
5.53185     84.305   173.721
5.61231     84.304   173.638
5.69394     84.303   173.555
5.77676     84.303   173.472
5.86079     84.302   173.388
5.94604     84.301   173.281
6.03252     84.300   173.174
6.12027     84.299   173.066
6.20929     84.298   172.959
6.29961     84.297   172.852
6.39124     84.296   172.744
6.48420     84.295   172.637
6.57851     84.294   172.529
6.67420     84.293   172.422
6.77128     84.292   172.315
6.86977     84.291   172.207
6.96969     84.289   172.100
7.07107     84.288   171.993
7.17392     84.287   171.885
7.27827     84.286   171.778
7.38413     84.285   171.657
7.49154     84.283   171.525
7.60050     84.282   171.393
7.71105     84.280   171.261
7.82321     84.279   171.130
7.93701     84.277   170.998
8.05245     84.275   170.866
8.16958     84.274   170.734
8.28841     84.272   170.602
8.40896     84.271   170.471
8.53128     84.269   170.339
8.65537     84.267   170.207
8.78126     84.266   170.075
8.90899     84.264   169.920
9.03857     84.261   169.764
9.17004     84.259   169.608
9.30342     84.257   169.451
9.43874     84.255   169.295
9.57603     84.253   169.138
9.71532     84.250   168.982
9.85663     84.248   168.826
10.0000     84.246   168.669
10.1455     84.244   168.513
10.2930     84.241   168.350
10.4427     84.238   168.169
10.5946     84.235   167.988
10.7487     84.232   167.806
10.9051     84.229   167.625
11.0637     84.226   167.444
11.2246     84.224   167.263
11.3879     84.221   167.081
11.5535     84.218   166.900
11.7216     84.215   166.718
11.8921     84.211   166.512
12.0650     84.207   166.306
12.2405     84.203   166.099
12.4186     84.199   165.893
12.5992     84.196   165.686
12.7825     84.192   165.480
12.9684     84.188   165.274
13.1570     84.184   165.067
13.3484     84.180   164.839
13.5426     84.175   164.607
13.7395     84.170   164.375
13.9394     84.165   164.143
14.1421     84.161   163.911
14.3478     84.156   163.680
14.5565     84.151   163.448
14.7683     84.146   163.201
14.9831     84.140   162.943
15.2010     84.134   162.685
15.4221     84.128   162.428
15.6464     84.122   162.170
15.8740     84.117   161.912
16.1049     84.111   161.654
16.3392     84.104   161.371
16.5768     84.097   161.087
16.8179     84.090   160.803
17.0626     84.083   160.519
17.3107     84.076   160.234
17.5625     84.069   159.950
17.8180     84.061   159.641
18.0771     84.052   159.330
18.3401     84.044   159.019
18.6068     84.036   158.708
18.8775     84.028   158.397
19.1521     84.019   158.075
19.4306     84.009   157.736
19.7133     84.000   157.398
20.0000     83.990   157.059
20.2909     83.980   156.721
20.5860     83.970   156.375
20.8855     83.959   156.008
21.1893     83.948   155.642
21.4975     83.937   155.275
21.8102     83.926   154.909
22.1274     83.914   154.528
22.4492     83.901   154.133
22.7758     83.888   153.738
23.1071     83.876   153.342
23.4432     83.863   152.946
23.7841     83.848   152.522
24.1301     83.834   152.097
24.4811     83.820   151.672
24.8372     83.805   151.247
25.1984     83.789   150.797
25.5649     83.773   150.342
25.9368     83.757   149.887
26.3141     83.740   149.432
26.6968     83.723   148.949
27.0851     83.704   148.463
27.4791     83.686   147.976
27.8788     83.668   147.486
28.2843     83.648   146.967
28.6957     83.628   146.448
29.1131     83.607   145.930
29.5365     83.586   145.392
29.9661     83.564   144.840
30.4020     83.541   144.288
30.8442     83.519   143.729
31.2929     83.494   143.142
31.7480     83.470   142.555
32.2098     83.445   141.969
32.6783     83.418   141.347
33.1536     83.392   140.724
33.6359     83.365   140.102
34.1251     83.336   139.446
34.6215     83.307   138.786
35.1250     83.277   138.126
35.6359     83.246   137.430
36.1543     83.214   136.731
36.6802     83.182   136.028
37.2137     83.148   135.288
37.7550     83.114   134.549
38.3041     83.079   133.793
38.8613     83.042   133.012
39.4265     83.005   132.230
40.0000     82.966   131.414
40.5818     82.926   130.589
41.1721     82.886   129.751
41.7710     82.844   128.879
42.3785     82.802   128.007
42.9949     82.757   127.095
43.6203     82.712   126.174
44.2548     82.666   125.229
44.8985     82.618   124.258
45.5515     82.570   123.275
46.2141     82.520   122.251
46.8863     82.469   121.225
47.5683     82.416   120.145
48.2602     82.363   119.064
48.9621     82.308   117.931
49.6743     82.252   116.791
50.3968     82.195   115.601
51.1299     82.137   114.399
51.8736     82.077   113.144
52.6281     82.017   111.877
53.3936     81.955   110.551
54.1702     81.892   109.216
54.9581     81.828   107.811
55.7575     81.764   106.394
56.5685     81.698   104.911
57.3914     81.632   103.403
58.2261     81.565   101.840
59.0730     81.498   100.231
59.9323     81.431    98.585
60.8040     81.364    96.866
61.6884     81.297    95.118
62.5857     81.230    93.296
63.4960     81.164    91.423
64.4196     81.099    89.508
65.3566     81.036    87.501
66.3073     80.975    85.451
67.2717     80.915    83.342
68.2502     80.859    81.145
69.2429     80.806    78.896
70.2501     80.756    76.587
71.2719     80.713    74.182
72.3086     80.674    71.720
73.3603     80.640    69.199
74.4274     80.614    66.590
75.5099     80.595    63.911
76.6083     80.585    61.171
77.7226     80.582    58.371
78.8531     80.592    55.493
80.0000     80.612    52.554
81.1636     80.644    49.563
82.3442     80.687    46.522
83.5419     80.742    43.435
84.7570     80.814    40.299
85.9899     80.899    37.130
87.2406     80.998    33.935
88.5096     81.112    30.720
89.7970     81.240    27.492
91.1031     81.382    24.257
92.4282     81.539    21.023
93.7726     81.710    17.797
95.1366     81.896    14.587
96.5204     82.095    11.398
97.9243     82.306     8.235
99.3486     82.530     5.104
100.794     82.764     2.008
102.260     83.008    -1.050
103.747     83.262    -4.066
105.256     83.524    -7.039
106.787     83.795    -9.967
108.340     84.072   -12.850
109.916     84.355   -15.686
111.515     84.644   -18.475
113.137     84.938   -21.218
114.783     85.236   -23.919
116.452     85.537   -26.577
118.146     85.841   -29.194
119.865     86.148   -31.773
121.608     86.456   -34.314
123.377     86.766   -36.817
125.171     87.077   -39.287
126.992     87.389   -41.726
128.839     87.702   -44.138
130.713     88.015   -46.519
132.615     88.327   -48.876
134.543     88.640   -51.212
136.500     88.952   -53.525
138.486     89.264   -55.820
140.500     89.575   -58.098
142.544     89.885   -60.360
144.617     90.194   -62.610
146.721     90.503   -64.848
148.855     90.810   -67.076
151.020     91.116   -69.297
153.217     91.421   -71.511
155.445     91.725   -73.720
157.706     92.028   -75.926
160.000     92.330   -78.130
162.327     92.630   -80.333
164.688     92.930   -82.537
167.084     93.228   -84.744
169.514     93.524   -86.953
171.980     93.820   -89.168
174.481     94.115   -91.388
177.019     94.408   -93.615
179.594     94.700   -95.851
182.206     94.991   -98.096
184.856     95.281  -100.350
187.545     95.570  -102.616
190.273     95.858  -104.895
193.041     96.145  -107.187
195.849     96.431  -109.493
198.697     96.716  -111.815
201.587     97.000  -114.152
204.520     97.283  -116.507
207.494     97.565  -118.880
210.512     97.847  -121.271
213.574     98.127  -123.683
216.681     98.407  -126.115
219.833     98.687  -128.569
223.030     98.965  -131.046
226.274     99.243  -133.546
229.565     99.521  -136.070
232.905     99.797  -138.619
236.292    100.074  -141.195
239.729    100.350  -143.798
243.216    100.625  -146.427
246.754    100.900  -149.087
250.343    101.174  -151.776
253.984    101.448  -154.496
257.678    101.722  -157.246
261.426    101.996  -160.031
265.229    102.269  -162.847
269.087    102.542  -165.699
273.001    102.815  -168.586
276.972    103.087  -171.509
281.000    103.360  -174.469
285.088    103.632  -177.468
289.234    103.904   179.494
293.441    104.176   176.415
297.709    104.448   173.295
302.040    104.720   170.133
306.433    104.991   166.927
310.890    105.263   163.676
315.412    105.535   160.379
320.000    105.806   157.036
324.655    106.078   153.645
329.377    106.349   150.204
334.168    106.621   146.714
339.028    106.892   143.172
343.959    107.163   139.577
348.962    107.434   135.929
354.038    107.705   132.226
359.188    107.976   128.467
364.412    108.247   124.651
369.713    108.518   120.776
375.090    108.788   116.843
380.546    109.058   112.848
386.081    109.327   108.791
391.697    109.597   104.672
397.394    109.865   100.488
403.175    110.134    96.239
409.039    110.401    91.924
414.989    110.669    87.542
421.025    110.935    83.091
427.149    111.201    78.570
433.362    111.465    73.979
439.665    111.729    69.317
446.060    111.992    64.581
452.548    112.253    59.773
459.131    112.514    54.889
465.809    112.773    49.931
472.584    113.031    44.896
479.458    113.287    39.784
486.432    113.541    34.595
493.507    113.794    29.327
500.686    114.045    23.980
507.968    114.294    18.553
515.357    114.541    13.045
522.853    114.786     7.457
530.458    115.028     1.787
538.174    115.273    -4.082
546.002    115.517   -10.087
553.943    115.734   -15.544
562.001    115.966   -21.545
570.175    116.213   -28.087
578.469    116.433   -34.079
586.883    116.647   -40.067
595.419    116.875   -46.592
604.080    117.095   -53.109
612.866    117.310   -59.619
621.780    117.518   -66.118
630.824    117.720   -72.608
640.000    117.932   -79.627
649.309    118.138   -86.634
658.753    118.322   -93.089
668.335    118.515  -100.068
678.056    118.717  -107.568
687.919    118.912  -115.051
697.925    119.088  -121.984
708.077    119.258  -128.901
718.376    119.436  -136.334
728.825    119.620  -144.277
739.426    119.798  -152.202
750.181    119.959  -159.580
761.093    120.126  -167.466
772.163    120.288  -175.335
783.394    120.445   176.815
794.789    120.606   168.460
806.349    120.763   160.124
818.078    120.914   151.806
829.977    121.060   143.505
842.050    121.210   134.703
854.298    121.354   125.917
866.724    121.485   117.664
879.330    121.619   108.911
892.120    121.755    99.661
905.097    121.885    90.428
918.262    122.009    81.214
931.618    122.127    72.019
945.169    122.239    62.844
958.917    122.351    53.183
972.864    122.456    43.549
987.015    122.554    33.944
1001.37    122.650    23.869
1015.94    122.739    13.833
1030.71    122.821     3.840
1045.71    122.901    -6.600
1060.92    122.975   -16.985
1076.35    123.043   -27.307
1092.00    123.106   -37.565
1107.89    123.167   -47.754
1124.00    123.228   -58.353
1140.35    123.290   -69.351
1156.94    123.354   -80.267
1173.77    123.421   -91.102
1190.84    123.492  -101.865
1208.16    123.570  -112.562
1225.73    123.659  -123.668
1243.56    123.762  -135.191
1261.65    123.876  -146.685
1280.00    124.002  -158.169
1298.62    124.138  -169.661
1317.51    124.284   178.821
1336.67    124.451   166.336
1356.11    124.625   153.791
1375.84    124.803   141.176
1395.85    124.982   128.487
1416.15    125.161   115.724
1436.75    125.342   102.417
1457.65    125.523    88.567
1478.85    125.695    74.662
1500.36    125.856    60.716
1522.19    126.012    46.265
1544.33    126.157    31.808
1566.79    126.294    16.879
1589.58    126.425     1.497
1612.70    126.544   -13.364
1636.16    126.659   -28.653
1659.95    126.774   -44.361
1684.10    126.886   -60.009
1708.60    126.999   -75.603
1733.45    127.115   -91.152
1758.66    127.242  -107.609
1784.24    127.373  -124.048
1810.19    127.511  -140.485
1836.52    127.656  -157.407
1863.24    127.809  -174.829
1890.34    127.963   167.708
1917.83    128.117   150.199
1945.73    128.272   132.169
1974.03    128.426   113.616
2002.74    128.577    94.545
2031.87    128.719    75.440
2061.43    128.853    56.315
2091.41    128.980    36.702
2121.83    129.102    16.614
2152.69    129.215    -3.460
2184.01    129.320   -23.511
2215.77    129.423   -44.008
2248.00    129.523   -64.949
2280.70    129.623   -86.332
2313.87    129.723  -108.164
2347.53    129.823  -129.978
2381.68    129.922  -151.787
2416.32    130.022  -174.076
2451.46    130.121   163.144
2487.12    130.218   139.868
2523.30    130.310   116.097
2560.00    130.393    92.313
2597.24    130.468    68.528
2635.01    130.534    44.278
2673.34    130.594    19.102
2712.23    130.646    -6.040
2751.68    130.691   -31.616
2791.70    130.729   -57.620
2832.31    130.761   -83.574
2873.50    130.788  -109.939
2915.30    130.810  -136.702
2957.70    130.829  -163.850
3000.72    130.852   168.622
3044.37    130.882   140.703
3088.65    130.926   112.825
3133.58    130.986    84.471
3179.16    131.062    55.115
3225.40    131.146    25.640
3272.31    131.228    -4.448
3319.91    131.298   -35.133
3368.20    131.343   -66.368
3417.19    131.358   -98.077
3466.89    131.342  -129.701
3517.32    131.300  -162.103
3568.48    131.243   165.242
3620.39    131.185   132.344
3673.05    131.141    99.164
3726.47    131.121    65.617
3780.67    131.128    31.604
3835.67    131.153    -2.957
3891.46    131.186   -38.094
3948.06    131.213   -73.776
4005.49    131.229  -110.388
4063.75    131.233  -147.384
4122.86    131.236   175.744
4182.82    131.248   138.055
4243.66    131.278    99.479
4305.39    131.323    60.845
4368.01    131.378    21.632
4431.55    131.435   -18.645
4496.01    131.487   -59.514
4561.40    131.528  -100.950
4627.75    131.555  -143.389
4695.06    131.563   173.677
4763.35    131.551   130.297
4832.64    131.520    86.515
4902.93    131.474    41.892
4974.24    131.419    -3.575
5046.60    131.358   -49.444
5120.00    131.288   -95.748
5194.47    131.205  -142.501
5270.03    131.100   169.863
5346.68    130.969   121.432
5424.45    130.824    72.781
5503.35    130.691    23.517
5583.40    130.596   -26.435
5664.61    130.551   -76.814
5747.01    130.536  -127.803
5830.60    130.522  -179.919
5915.41    130.485   126.897
6001.45    130.419    73.216
6088.74    130.331    18.699
6177.30    130.239   -36.552
6267.15    130.164   -92.501
6358.31    130.125  -149.250
6450.80    130.115   153.441
6544.62    130.098    94.974
6639.82    130.037    35.470
6736.40    129.937   -24.747
6834.38    129.853   -85.490
6933.79    129.836  -146.526
7034.64    129.876   150.818
7136.96    129.909    86.836
7240.77    129.890    22.202
7346.09    129.832   -43.685
7452.94    129.776  -110.280
7561.35    129.746  -177.741
7671.33    129.716   113.817
7782.91    129.668    44.523
7896.12    129.624   -25.987
8010.97    129.610   -97.496
8127.49    129.599  -170.279
8245.71    129.542   115.758
8365.65    129.419    40.554
8487.33    129.261   -35.444
8610.78    129.151  -111.236
8736.03    129.151   171.735
8863.09    129.228    92.813
8992.01    129.308    12.342
9122.80    129.350   -69.443
9255.50    129.325  -152.773
9390.12    129.240   122.542
9526.70    129.132    36.986
9665.27    129.003   -49.897
9805.86    128.826  -137.811
9948.49    128.617   133.523
10093.2    128.450    43.898
10240.0    128.385   -47.241
10388.9    128.389  -139.845
10540.1    128.362   125.707
10693.4    128.263    29.813
10848.9    128.133   -67.621
11006.7    127.907  -167.349
11166.8    127.497    91.974
11329.2    127.054    -8.509
11494.0    126.790  -109.247
11661.2    126.661   148.402
11830.8    126.551    43.765
12002.9    126.509   -62.745
12177.5    126.452  -171.111
12354.6    126.337    78.787
12534.3    126.228   -32.991
12716.6    126.074  -146.985
12901.6    125.821    97.404
13089.2    125.494   -19.313
13279.6    125.124  -137.291
13472.8    124.794   103.825
13668.8    124.536   -16.281
13867.6    124.339  -138.195
14069.3    124.238    97.425
14273.9    124.189   -29.267
14481.5    124.074  -158.579
14692.2    123.741    69.968
14905.9    123.256   -62.427
15122.7    122.855   164.605
15342.7    122.587    30.276
15565.8    122.454  -106.555
15792.2    122.360   114.160
16021.9    122.209   -27.790
16255.0    121.925  -172.612
16491.4    121.617    41.871
16731.3    121.422  -105.732
16974.7    121.147   103.689
17221.6    120.736   -47.798
17472.1    120.501   159.267
17726.2    120.405     3.858
17984.0    120.332  -155.123
18245.6    120.153    43.565
18511.0    119.937  -119.642
18780.2    119.660    74.661
19053.4    119.369   -92.677
19330.5    119.340    97.769
19611.7    119.254   -75.249
19897.0    119.089   108.683
20186.4    118.866   -69.141
20480.0    118.859   111.469
20777.9    118.981   -72.658
21080.1    118.773   100.436
21386.7    118.682   -87.810
21697.8    118.691    79.997
22013.4    118.637  -115.454
22333.6    118.639    46.740
22658.4    118.560  -155.325
22988.0    118.311    -0.117
